# step, loss_train, loss_test, metrics_test
0.000000000000000000e+00 9.799607098102569580e-03 8.996532298624515533e-03 9.938646107912063599e-03 3.177706956863403320e+00 7.552026957273483276e-02 1.901446878910064697e-01 1.008936855942010880e-02 9.108008816838264465e-03 1.007413305342197418e-02 3.177706956863403320e+00 7.552026957273483276e-02 1.901446878910064697e-01
1.000000000000000000e+02 2.239034278318285942e-03 4.781544339493848383e-05 4.819982219487428665e-03 1.179124712944030762e+00 7.785534113645553589e-02 5.437679647002369165e-05 1.965232659131288528e-03 4.059302955283783376e-05 4.851869307458400726e-03 1.179124712944030762e+00 7.785534113645553589e-02 5.437679647002369165e-05
2.000000000000000000e+02 2.557541942223906517e-03 8.187922503566369414e-05 6.129450164735317230e-03 1.140320181846618652e+00 7.597433775663375854e-02 3.362333518452942371e-04 2.215118147432804108e-03 7.054443267406895757e-05 5.957503337413072586e-03 1.140320181846618652e+00 7.597433775663375854e-02 3.362333518452942371e-04
3.000000000000000000e+02 3.110128454864025116e-03 9.541076142340898514e-04 7.209036033600568771e-03 9.851396083831787109e-01 7.435037940740585327e-02 2.534515806473791599e-04 2.252578269690275192e-03 8.346565300598740578e-04 6.402875296771526337e-03 9.851396083831787109e-01 7.435037940740585327e-02 2.534515806473791599e-04
4.000000000000000000e+02 1.325055491179227829e-02 1.516935648396611214e-03 1.496030017733573914e-03 9.117576479911804199e-01 8.323730528354644775e-02 7.176314102252945304e-05 1.145805511623620987e-02 1.298906747251749039e-03 1.290288055315613747e-03 9.117576479911804199e-01 8.323730528354644775e-02 7.176314102252945304e-05
5.000000000000000000e+02 1.445535570383071899e-02 5.207728128880262375e-03 2.341361949220299721e-03 8.627983927726745605e-01 8.919698745012283325e-02 1.278389594517648220e-03 1.272626221179962158e-02 3.983546048402786255e-03 1.923165167681872845e-03 8.627983927726745605e-01 8.919698745012283325e-02 1.278389594517648220e-03
6.000000000000000000e+02 1.398298516869544983e-02 7.340368349105119705e-03 4.055929835885763168e-03 8.358165621757507324e-01 8.736269176006317139e-02 1.675869803875684738e-03 1.156344916671514511e-02 5.626530852168798447e-03 2.974479692056775093e-03 8.358165621757507324e-01 8.736269176006317139e-02 1.675869803875684738e-03
7.000000000000000000e+02 1.876260153949260712e-02 5.138054024428129196e-03 5.098009482026100159e-03 7.850968241691589355e-01 7.905802130699157715e-02 7.912052678875625134e-04 1.496685203164815903e-02 3.204843495041131973e-03 3.581510856747627258e-03 7.850968241691589355e-01 7.905802130699157715e-02 7.912052678875625134e-04
8.000000000000000000e+02 2.247939631342887878e-02 7.549138274043798447e-03 7.247021421790122986e-03 6.879779100418090820e-01 7.602643221616744995e-02 1.031145686283707619e-03 1.764722354710102081e-02 4.978065844625234604e-03 5.037412978708744049e-03 6.879779100418090820e-01 7.602643221616744995e-02 1.031145686283707619e-03
9.000000000000000000e+02 2.864552661776542664e-02 1.225638668984174728e-02 1.071446947753429413e-02 5.615578293800354004e-01 6.739502400159835815e-02 1.170000759884715080e-03 2.083719521760940552e-02 8.817684836685657501e-03 7.588810753077268600e-03 5.615578293800354004e-01 6.739502400159835815e-02 1.170000759884715080e-03
1.000000000000000000e+03 2.819968201220035553e-02 1.494925655424594879e-02 1.826229132711887360e-02 3.989609777927398682e-01 5.489828065037727356e-02 1.111684134230017662e-03 2.023018710315227509e-02 1.071756053715944290e-02 1.406213175505399704e-02 3.989609777927398682e-01 5.489828065037727356e-02 1.111684134230017662e-03
1.100000000000000000e+03 2.609041519463062286e-02 1.630637608468532562e-02 2.047902345657348633e-02 2.396391928195953369e-01 4.507778584957122803e-02 1.224463107064366341e-03 1.887986809015274048e-02 1.093345414847135544e-02 1.643719524145126343e-02 2.396391928195953369e-01 4.507778584957122803e-02 1.224463107064366341e-03
1.200000000000000000e+03 2.149568498134613037e-02 1.418544724583625793e-02 1.712609827518463135e-02 1.526149809360504150e-01 3.844802454113960266e-02 8.259099558927118778e-04 1.539339590817689896e-02 9.341368451714515686e-03 1.434819120913743973e-02 1.526149809360504150e-01 3.844802454113960266e-02 8.259099558927118778e-04
1.300000000000000000e+03 2.152616158127784729e-02 1.058722008019685745e-02 1.130513846874237061e-02 1.090310662984848022e-01 3.340233862400054932e-02 5.283259088173508644e-04 1.465867459774017334e-02 7.385231554508209229e-03 9.110352024435997009e-03 1.090310662984848022e-01 3.340233862400054932e-02 5.283259088173508644e-04
1.400000000000000000e+03 1.634646393358707428e-02 9.097621776163578033e-03 8.572735823690891266e-03 8.495821058750152588e-02 3.166181221604347229e-02 5.610968219116330147e-04 1.205430924892425537e-02 6.458471063524484634e-03 6.755302660167217255e-03 8.495821058750152588e-02 3.166181221604347229e-02 5.610968219116330147e-04
1.500000000000000000e+03 1.476135943084955215e-02 7.990230806171894073e-03 7.020215503871440887e-03 7.071658968925476074e-02 2.911207638680934906e-02 5.579142016358673573e-04 1.045825053006410599e-02 5.650890059769153595e-03 5.072067491710186005e-03 7.071658968925476074e-02 2.911207638680934906e-02 5.579142016358673573e-04
1.600000000000000000e+03 3.069702535867691040e-02 7.034905254840850830e-03 9.121866896748542786e-03 6.648918986320495605e-02 2.512903138995170593e-02 5.385715048760175705e-04 2.699690870940685272e-02 5.260909441858530045e-03 7.806169800460338593e-03 6.648918986320495605e-02 2.512903138995170593e-02 5.385715048760175705e-04
1.700000000000000000e+03 1.272125821560621262e-02 6.144975312054157257e-03 5.785393528640270233e-03 5.447036400437355042e-02 2.454285137355327606e-02 5.609461222775280476e-04 9.137101471424102783e-03 4.220112226903438568e-03 3.995268605649471283e-03 5.447036400437355042e-02 2.454285137355327606e-02 5.609461222775280476e-04
1.800000000000000000e+03 1.185001153498888016e-02 5.439090542495250702e-03 5.417190957814455032e-03 4.907891154289245605e-02 2.273762784898281097e-02 5.847581778652966022e-04 8.550412021577358246e-03 3.715738188475370407e-03 3.746637376025319099e-03 4.907891154289245605e-02 2.273762784898281097e-02 5.847581778652966022e-04
1.900000000000000000e+03 1.267194654792547226e-02 4.744227975606918335e-03 5.075259599834680557e-03 4.569636285305023193e-02 2.054150588810443878e-02 6.505392375402152538e-04 9.075148031115531921e-03 3.358577378094196320e-03 3.690555458888411522e-03 4.569636285305023193e-02 2.054150588810443878e-02 6.505392375402152538e-04
2.000000000000000000e+03 1.009232364594936371e-02 4.573577083647251129e-03 4.955842159688472748e-03 4.085491225123405457e-02 1.928367838263511658e-02 6.036392296664416790e-04 7.020597346127033234e-03 3.215799573808908463e-03 3.500188933685421944e-03 4.085491225123405457e-02 1.928367838263511658e-02 6.036392296664416790e-04
2.100000000000000000e+03 9.390201419591903687e-03 4.255488049238920212e-03 4.854945000261068344e-03 3.744903951883316040e-02 1.777193695306777954e-02 5.920551484450697899e-04 6.618415471166372299e-03 3.029420739039778709e-03 3.482727799564599991e-03 3.744903951883316040e-02 1.777193695306777954e-02 5.920551484450697899e-04
2.200000000000000000e+03 8.876811712980270386e-03 4.139733500778675079e-03 4.653044976294040680e-03 3.422669321298599243e-02 1.606084033846855164e-02 5.826582200825214386e-04 6.083309184759855270e-03 2.953774295747280121e-03 3.347369143739342690e-03 3.422669321298599243e-02 1.606084033846855164e-02 5.826582200825214386e-04
2.300000000000000000e+03 8.228226564824581146e-03 4.017575643956661224e-03 4.394532181322574615e-03 3.128337487578392029e-02 1.482746377587318420e-02 5.713604041375219822e-04 5.584932398051023483e-03 2.862142398953437805e-03 3.136786632239818573e-03 3.128337487578392029e-02 1.482746377587318420e-02 5.713604041375219822e-04
2.400000000000000000e+03 1.613811217248439789e-02 4.237515851855278015e-03 4.701165016740560532e-03 2.974469959735870361e-02 1.323194522410631180e-02 6.372563657350838184e-04 1.018926594406366348e-02 3.081250702962279320e-03 3.565661376342177391e-03 2.974469959735870361e-02 1.323194522410631180e-02 6.372563657350838184e-04
2.500000000000000000e+03 1.560006756335496902e-02 4.248381592333316803e-03 5.255787633359432220e-03 2.767738513648509979e-02 1.169562619179487228e-02 5.440225941129028797e-04 1.253807358443737030e-02 3.145436523482203484e-03 4.281224682927131653e-03 2.767738513648509979e-02 1.169562619179487228e-02 5.440225941129028797e-04
2.600000000000000000e+03 7.301733363419771194e-03 3.938009962439537048e-03 3.749241819605231285e-03 2.393743954598903656e-02 1.123260706663131714e-02 5.148404743522405624e-04 4.860394168645143509e-03 2.822901587933301926e-03 2.685322659090161324e-03 2.393743954598903656e-02 1.123260706663131714e-02 5.148404743522405624e-04
2.700000000000000000e+03 7.107981480658054352e-03 3.900026436895132065e-03 3.528957255184650421e-03 2.197434194386005402e-02 1.038187276571989059e-02 4.954788018949329853e-04 4.795050248503684998e-03 2.809387166053056717e-03 2.530594822019338608e-03 2.197434194386005402e-02 1.038187276571989059e-02 4.954788018949329853e-04
2.800000000000000000e+03 2.817766368389129639e-02 4.385437350720167160e-03 8.390901610255241394e-03 2.156448364257812500e-02 9.945128113031387329e-03 4.761367454193532467e-04 2.560701221227645874e-02 3.349900944158434868e-03 7.751099765300750732e-03 2.156448364257812500e-02 9.945128113031387329e-03 4.761367454193532467e-04
2.900000000000000000e+03 7.098987698554992676e-03 3.836255287751555443e-03 3.224779386073350906e-03 1.894093304872512817e-02 8.468288928270339966e-03 4.618592793121933937e-04 4.545902833342552185e-03 2.793958410620689392e-03 2.376715186983346939e-03 1.894093304872512817e-02 8.468288928270339966e-03 4.618592793121933937e-04
3.000000000000000000e+03 6.513302680104970932e-03 3.732990007847547531e-03 3.041573800146579742e-03 1.741875894367694855e-02 7.894537411630153656e-03 4.441725031938403845e-04 4.210625309497117996e-03 2.708301413804292679e-03 2.226342679932713509e-03 1.741875894367694855e-02 7.894537411630153656e-03 4.441725031938403845e-04
3.100000000000000000e+03 7.670131977647542953e-03 3.664602758362889290e-03 3.135881153866648674e-03 1.622975617647171021e-02 7.323729805648326874e-03 4.187005397398024797e-04 5.863361060619354248e-03 2.688039559870958328e-03 2.425817074254155159e-03 1.622975617647171021e-02 7.323729805648326874e-03 4.187005397398024797e-04
3.200000000000000000e+03 6.380676757544279099e-03 3.504332387819886208e-03 2.773990156129002571e-03 1.528426911681890488e-02 6.653179414570331573e-03 4.157527000643312931e-04 4.027977585792541504e-03 2.537549473345279694e-03 2.061283914372324944e-03 1.528426911681890488e-02 6.653179414570331573e-03 4.157527000643312931e-04
3.300000000000000000e+03 6.630905438214540482e-03 3.328819293528795242e-03 2.597241662442684174e-03 1.419599168002605438e-02 6.521591451019048691e-03 3.921549650840461254e-04 4.839022178202867508e-03 2.426568884402513504e-03 1.903926371596753597e-03 1.419599168002605438e-02 6.521591451019048691e-03 3.921549650840461254e-04
3.400000000000000000e+03 5.766920745372772217e-03 3.247899468988180161e-03 2.512939041480422020e-03 1.332012750208377838e-02 5.760931409895420074e-03 3.783189458772540092e-04 3.814286086708307266e-03 2.325397450476884842e-03 1.879990100860595703e-03 1.332012750208377838e-02 5.760931409895420074e-03 3.783189458772540092e-04
3.500000000000000000e+03 6.863698363304138184e-03 3.168632276356220245e-03 2.382548293098807335e-03 1.316052675247192383e-02 5.228042602539062500e-03 3.780035767704248428e-04 4.334146622568368912e-03 2.275194274261593819e-03 1.815232331864535809e-03 1.316052675247192383e-02 5.228042602539062500e-03 3.780035767704248428e-04
3.600000000000000000e+03 5.457947496324777603e-03 2.982884878292679787e-03 2.276302780956029892e-03 1.188875921070575714e-02 4.933642689138650894e-03 3.425315953791141510e-04 3.376943990588188171e-03 2.091816859319806099e-03 1.715013408102095127e-03 1.188875921070575714e-02 4.933642689138650894e-03 3.425315953791141510e-04
3.700000000000000000e+03 1.883168891072273254e-02 3.420329187065362930e-03 3.181899199262261391e-03 1.207158807665109634e-02 5.387956276535987854e-03 3.360630071256309748e-04 1.624067500233650208e-02 2.514132997021079063e-03 2.546186093240976334e-03 1.207158807665109634e-02 5.387956276535987854e-03 3.360630071256309748e-04
3.800000000000000000e+03 5.967844743281602859e-03 2.796870423480868340e-03 2.097825752571225166e-03 1.085574738681316376e-02 4.213810432702302933e-03 3.092797123827040195e-04 3.484053537249565125e-03 1.937023247592151165e-03 1.616154564544558525e-03 1.085574738681316376e-02 4.213810432702302933e-03 3.092797123827040195e-04
3.900000000000000000e+03 8.786665275692939758e-03 2.941345097497105598e-03 2.226401353254914284e-03 1.057432312518358231e-02 3.844687016680836678e-03 2.962659345939755440e-04 6.362886633723974228e-03 2.085766522213816643e-03 1.858468865975737572e-03 1.057432312518358231e-02 3.844687016680836678e-03 2.962659345939755440e-04
4.000000000000000000e+03 6.568111013621091843e-03 2.692289883270859718e-03 1.871717860922217369e-03 9.267327375710010529e-03 3.725509624928236008e-03 2.652615075930953026e-04 4.704645369201898575e-03 1.866169623099267483e-03 1.476489589549601078e-03 9.267327375710010529e-03 3.725509624928236008e-03 2.652615075930953026e-04
4.100000000000000000e+03 4.726545885205268860e-03 2.482842188328504562e-03 1.797014963813126087e-03 8.719696663320064545e-03 3.686519339680671692e-03 2.712766581680625677e-04 3.422974376007914543e-03 1.729882671497762203e-03 1.451326650567352772e-03 8.719696663320064545e-03 3.686519339680671692e-03 2.712766581680625677e-04
4.200000000000000000e+03 2.066529728472232819e-02 3.292208770290017128e-03 2.088202862069010735e-03 9.429645724594593048e-03 4.394141491502523422e-03 2.657877048477530479e-04 1.916956156492233276e-02 2.537920372560620308e-03 1.753079704940319061e-03 9.429645724594593048e-03 4.394141491502523422e-03 2.657877048477530479e-04
4.300000000000000000e+03 4.629338625818490982e-03 2.395259449258446693e-03 1.651379978284239769e-03 7.802804000675678253e-03 3.111687488853931427e-03 2.345060493098571897e-04 2.858093706890940666e-03 1.621164963580667973e-03 1.355475862510502338e-03 7.802804000675678253e-03 3.111687488853931427e-03 2.345060493098571897e-04
4.400000000000000000e+03 9.830659255385398865e-03 2.481675939634442329e-03 2.874363679438829422e-03 7.786409929394721985e-03 3.086339915171265602e-03 2.535530366003513336e-04 8.314103819429874420e-03 1.834091614000499249e-03 2.687916159629821777e-03 7.786409929394721985e-03 3.086339915171265602e-03 2.535530366003513336e-04
4.500000000000000000e+03 3.688466036692261696e-03 2.246451331302523613e-03 1.536054187454283237e-03 6.821099668741226196e-03 2.874876605346798897e-03 2.233278501080349088e-04 2.385738771408796310e-03 1.550526940263807774e-03 1.300995470955967903e-03 6.821099668741226196e-03 2.874876605346798897e-03 2.233278501080349088e-04
4.600000000000000000e+03 1.863841712474822998e-02 2.860268345102667809e-03 4.479574970901012421e-03 6.969265174120664597e-03 3.341014496982097626e-03 2.682085323613137007e-04 1.698379404842853546e-02 2.295580226927995682e-03 4.346211440861225128e-03 6.969265174120664597e-03 3.341014496982097626e-03 2.682085323613137007e-04
4.700000000000000000e+03 3.835849463939666748e-03 2.126724226400256157e-03 1.438808976672589779e-03 6.265897769480943680e-03 2.579978900030255318e-03 1.999358210014179349e-04 2.323092659935355186e-03 1.461625099182128906e-03 1.242666156031191349e-03 6.265897769480943680e-03 2.579978900030255318e-03 1.999358210014179349e-04
4.800000000000000000e+03 4.449851810932159424e-03 2.173032378777861595e-03 1.422132831066846848e-03 6.010823883116245270e-03 2.410713816061615944e-03 1.880284544313326478e-04 2.875891281291842461e-03 1.515100011602044106e-03 1.249556313268840313e-03 6.010823883116245270e-03 2.410713816061615944e-03 1.880284544313326478e-04
4.900000000000000000e+03 3.147729672491550446e-03 2.006140071898698807e-03 1.358656911179423332e-03 5.324099212884902954e-03 2.365930704399943352e-03 1.818759337766095996e-04 1.959946937859058380e-03 1.418697996996343136e-03 1.198406680487096310e-03 5.324099212884902954e-03 2.365930704399943352e-03 1.818759337766095996e-04
5.000000000000000000e+03 1.870902068912982941e-02 3.170590149238705635e-03 1.503062550909817219e-03 7.138030137866735458e-03 2.330489689484238625e-03 1.489808928454294801e-04 1.540151238441467285e-02 2.319637686014175415e-03 1.351570826955139637e-03 7.138030137866735458e-03 2.330489689484238625e-03 1.489808928454294801e-04
5.100000000000000000e+03 3.927509300410747528e-03 1.902045216411352158e-03 1.378999091684818268e-03 4.945968743413686752e-03 2.138975309208035469e-03 1.541580713819712400e-04 2.772871172055602074e-03 1.397711108438670635e-03 1.261974801309406757e-03 4.945968743413686752e-03 2.138975309208035469e-03 1.541580713819712400e-04
5.200000000000000000e+03 1.130966842174530029e-02 2.288793446496129036e-03 2.014013240113854408e-03 5.227453075349330902e-03 2.019323874264955521e-03 1.397763408022001386e-04 9.588763117790222168e-03 1.736448379233479500e-03 1.933520659804344177e-03 5.227453075349330902e-03 2.019323874264955521e-03 1.397763408022001386e-04
5.300000000000000000e+03 2.867096103727817535e-03 1.760548795573413372e-03 1.226672087796032429e-03 4.176820162683725357e-03 1.966608688235282898e-03 1.390832185279577971e-04 1.658267457969486713e-03 1.281555392779409885e-03 1.108910422772169113e-03 4.176820162683725357e-03 1.966608688235282898e-03 1.390832185279577971e-04
5.400000000000000000e+03 2.725158818066120148e-03 1.703636487945914268e-03 1.193129690364003181e-03 3.819503122940659523e-03 1.890154788270592690e-03 1.355490967398509383e-04 1.655620406381785870e-03 1.268406864255666733e-03 1.084935385733842850e-03 3.819503122940659523e-03 1.890154788270592690e-03 1.355490967398509383e-04
5.500000000000000000e+03 1.096917781978845596e-02 1.984098926186561584e-03 1.497799647040665150e-03 4.118820652365684509e-03 1.983025344088673592e-03 1.530925655970349908e-04 9.775939397513866425e-03 1.619656919501721859e-03 1.415540464222431183e-03 4.118820652365684509e-03 1.983025344088673592e-03 1.530925655970349908e-04
5.600000000000000000e+03 4.426716361194849014e-03 1.671984558925032616e-03 1.135501544922590256e-03 3.774118144065141678e-03 1.750272233039140701e-03 1.152929253294132650e-04 3.426637034863233566e-03 1.316769747063517570e-03 1.063714968040585518e-03 3.774118144065141678e-03 1.750272233039140701e-03 1.152929253294132650e-04
5.700000000000000000e+03 4.447532352060079575e-03 1.590870437212288380e-03 1.413165009580552578e-03 3.400222398340702057e-03 1.702483161352574825e-03 1.194422147818841040e-04 2.924516564235091209e-03 1.192409428767859936e-03 1.317873131483793259e-03 3.400222398340702057e-03 1.702483161352574825e-03 1.194422147818841040e-04
5.800000000000000000e+03 3.822615602985024452e-03 1.619069138541817665e-03 1.093084691092371941e-03 2.932193921878933907e-03 1.579271513037383556e-03 9.507555660093203187e-05 2.625362947583198547e-03 1.231622300110757351e-03 1.004312536679208279e-03 2.932193921878933907e-03 1.579271513037383556e-03 9.507555660093203187e-05
5.900000000000000000e+03 3.043140051886439323e-03 1.460602390579879284e-03 1.059101312421262264e-03 3.107729833573102951e-03 1.560538657940924168e-03 9.889197099255397916e-05 1.936156535521149635e-03 1.124899950809776783e-03 9.707370772957801819e-04 3.107729833573102951e-03 1.560538657940924168e-03 9.889197099255397916e-05
6.000000000000000000e+03 2.568006049841642380e-03 1.413302728906273842e-03 1.021624077111482620e-03 2.752772299572825432e-03 1.435275073163211346e-03 9.234197204932570457e-05 1.617813366465270519e-03 1.121678971685469151e-03 9.399637347087264061e-04 2.752772299572825432e-03 1.435275073163211346e-03 9.234197204932570457e-05
6.100000000000000000e+03 2.287828736007213593e-02 2.216551452875137329e-03 2.754566259682178497e-03 4.101594910025596619e-03 1.485496875829994678e-03 9.102721378440037370e-05 1.903803832828998566e-02 1.902822288684546947e-03 2.744908910244703293e-03 4.101594910025596619e-03 1.485496875829994678e-03 9.102721378440037370e-05
6.200000000000000000e+03 2.820499474182724953e-03 1.298743882216513157e-03 1.071274396963417530e-03 2.261183224618434906e-03 1.284018508158624172e-03 8.427814464084804058e-05 2.130525419488549232e-03 1.096755266189575195e-03 9.986116783693432808e-04 2.261183224618434906e-03 1.284018508158624172e-03 8.427814464084804058e-05
6.300000000000000000e+03 7.133421022444963455e-03 1.456306548789143562e-03 1.131321303546428680e-03 2.783765085041522980e-03 1.285555656068027020e-03 7.388550147879868746e-05 5.654762499034404755e-03 1.210632151924073696e-03 1.086085918359458447e-03 2.783765085041522980e-03 1.285555656068027020e-03 7.388550147879868746e-05
6.400000000000000000e+03 2.185732824727892876e-03 1.194012584164738655e-03 9.722338872961699963e-04 2.006859984248876572e-03 1.180539955385029316e-03 6.846857286291196942e-05 1.237217686139047146e-03 9.611787972971796989e-04 8.943899883888661861e-04 2.006859984248876572e-03 1.180539955385029316e-03 6.846857286291196942e-05
6.500000000000000000e+03 4.216823726892471313e-03 1.276645576581358910e-03 1.087564858607947826e-03 2.247711177915334702e-03 1.200463157147169113e-03 7.576798816444352269e-05 2.993533387780189514e-03 1.008268911391496658e-03 1.004391815513372421e-03 2.247711177915334702e-03 1.200463157147169113e-03 7.576798816444352269e-05
6.600000000000000000e+03 1.890444383025169373e-02 2.250985708087682724e-03 1.121095381677150726e-03 2.555110491812229156e-03 1.394044142216444016e-03 7.240663398988544941e-05 1.691418886184692383e-02 2.070078626275062561e-03 1.050448045134544373e-03 2.555110491812229156e-03 1.394044142216444016e-03 7.240663398988544941e-05
6.700000000000000000e+03 6.125828251242637634e-03 1.257391762919723988e-03 1.073952298611402512e-03 2.020835177972912788e-03 1.021550502628087997e-03 7.092030864441767335e-05 5.319942254573106766e-03 1.101949019357562065e-03 1.010833424516022205e-03 2.020835177972912788e-03 1.021550502628087997e-03 7.092030864441767335e-05
6.800000000000000000e+03 1.678742817603051662e-03 1.034324523061513901e-03 8.294685976579785347e-04 1.551274326629936695e-03 9.598312317393720150e-04 5.037454684497788548e-05 9.841638384386897087e-04 8.680557948537170887e-04 7.521215011365711689e-04 1.551274326629936695e-03 9.598312317393720150e-04 5.037454684497788548e-05
6.900000000000000000e+03 1.035036891698837280e-02 1.546633895486593246e-03 1.164559507742524147e-03 3.247129963710904121e-03 9.964873315766453743e-04 4.749609433929435909e-05 8.905909024178981781e-03 1.317339832894504070e-03 1.124594127759337425e-03 3.247129963710904121e-03 9.964873315766453743e-04 4.749609433929435909e-05
7.000000000000000000e+03 1.143308728933334351e-02 1.360360649414360523e-03 2.430676016956567764e-03 2.021219814196228981e-03 1.151754520833492279e-03 9.298282384406775236e-05 9.146470576524734497e-03 1.017828006297349930e-03 2.368526766076683998e-03 2.021219814196228981e-03 1.151754520833492279e-03 9.298282384406775236e-05
7.100000000000000000e+03 4.771657753735780716e-03 1.259339507669210434e-03 9.395519155077636242e-04 1.551173045299947262e-03 9.009775239974260330e-04 4.010496559203602374e-05 3.670650068670511246e-03 1.036348636262118816e-03 8.900952525436878204e-04 1.551173045299947262e-03 9.009775239974260330e-04 4.010496559203602374e-05
7.200000000000000000e+03 1.910405000671744347e-03 9.656227193772792816e-04 7.213059579953551292e-04 1.426753704436123371e-03 8.129958296194672585e-04 3.777693927986547351e-05 1.278737327083945274e-03 7.986046839505434036e-04 6.505471537820994854e-04 1.426753704436123371e-03 8.129958296194672585e-04 3.777693927986547351e-05
7.300000000000000000e+03 3.947801887989044189e-03 9.837404359132051468e-04 7.933989982120692730e-04 1.592715852893888950e-03 7.684712763875722885e-04 3.585284866858273745e-05 3.044332610443234444e-03 8.677263394929468632e-04 7.396267610602080822e-04 1.592715852893888950e-03 7.684712763875722885e-04 3.585284866858273745e-05
7.400000000000000000e+03 1.517128897830843925e-03 8.861285168677568436e-04 7.073454908095300198e-04 1.092418213374912739e-03 6.778458482585847378e-04 3.220786675228737295e-05 1.038537011481821537e-03 7.662404095754027367e-04 6.306325667537748814e-04 1.092418213374912739e-03 6.778458482585847378e-04 3.220786675228737295e-05
7.500000000000000000e+03 8.579244837164878845e-03 1.351177575998008251e-03 1.055972417816519737e-03 2.349517075344920158e-03 7.249292684718966484e-04 2.958739241876173764e-05 7.406224496662616730e-03 1.142377499490976334e-03 1.007585786283016205e-03 2.349517075344920158e-03 7.249292684718966484e-04 2.958739241876173764e-05
7.600000000000000000e+03 1.588343759067356586e-03 8.648300427012145519e-04 6.685653934255242348e-04 9.733417537063360214e-04 6.389873451553285122e-04 2.740784111665561795e-05 9.961853502318263054e-04 7.241109851747751236e-04 5.925520672462880611e-04 9.733417537063360214e-04 6.389873451553285122e-04 2.740784111665561795e-05
7.700000000000000000e+03 4.907240159809589386e-03 9.972034022212028503e-04 8.341473876498639584e-04 1.650022226385772228e-03 6.910230149514973164e-04 2.778608177322894335e-05 3.895498346537351608e-03 9.256447665393352509e-04 7.963585667312145233e-04 1.650022226385772228e-03 6.910230149514973164e-04 2.778608177322894335e-05
7.800000000000000000e+03 1.672405051067471504e-03 8.573046652600169182e-04 6.085607456043362617e-04 9.133483399637043476e-04 6.062025786377489567e-04 2.354617754463106394e-05 1.115903141908347607e-03 7.073783781379461288e-04 5.353917949832975864e-04 9.133483399637043476e-04 6.062025786377489567e-04 2.354617754463106394e-05
7.900000000000000000e+03 1.150596537627279758e-03 7.885315571911633015e-04 5.811385344713926315e-04 8.415391785092651844e-04 5.312354769557714462e-04 2.033211239904630929e-05 7.270806236192584038e-04 6.713418406434357166e-04 5.067765596322715282e-04 8.415391785092651844e-04 5.312354769557714462e-04 2.033211239904630929e-05
8.000000000000000000e+03 4.189342726022005081e-03 9.491331293247640133e-04 8.829132420942187309e-04 1.295701134949922562e-03 5.258583114482462406e-04 1.905343196995090693e-05 3.569189691916108131e-03 8.065863512456417084e-04 8.232059190049767494e-04 1.295701134949922562e-03 5.258583114482462406e-04 1.905343196995090693e-05
8.100000000000000000e+03 1.062924275174736977e-03 7.469011470675468445e-04 5.457788938656449318e-04 7.786638452671468258e-04 4.880673950538039207e-04 1.761180465109646320e-05 6.859999848529696465e-04 6.353853968903422356e-04 4.721364821307361126e-04 7.786638452671468258e-04 4.880673950538039207e-04 1.761180465109646320e-05
8.200000000000000000e+03 1.033641397953033447e-03 7.351247477345168591e-04 5.245560896582901478e-04 7.400240283459424973e-04 4.604047862812876701e-04 1.578685260028578341e-05 6.704292609356343746e-04 6.241911323741078377e-04 4.520164802670478821e-04 7.400240283459424973e-04 4.604047862812876701e-04 1.578685260028578341e-05
8.300000000000000000e+03 3.487460082396864891e-03 8.112325449474155903e-04 8.155227988027036190e-04 8.999153506010770798e-04 4.425325605552643538e-04 1.665347372181713581e-05 2.594264689832925797e-03 7.034439477138221264e-04 7.677085231989622116e-04 8.999153506010770798e-04 4.425325605552643538e-04 1.665347372181713581e-05
8.400000000000000000e+03 1.467875088565051556e-03 7.374371052719652653e-04 5.011445027776062489e-04 7.895180606283247471e-04 4.602492554113268852e-04 1.478638296248391271e-05 1.021461677737534046e-03 6.059790612198412418e-04 4.341712337918579578e-04 7.895180606283247471e-04 4.602492554113268852e-04 1.478638296248391271e-05
8.500000000000000000e+03 1.019757357425987720e-03 6.889700889587402344e-04 4.743902245536446571e-04 6.507129874080419540e-04 3.976451116614043713e-04 1.227415305038448423e-05 7.092021987773478031e-04 5.890143802389502525e-04 4.041613137815147638e-04 6.507129874080419540e-04 3.976451116614043713e-04 1.227415305038448423e-05
8.600000000000000000e+03 9.811191121116280556e-04 6.615690654143691063e-04 4.584602138493210077e-04 6.184076773934066296e-04 3.802621504291892052e-04 1.161747877631569281e-05 6.628796691074967384e-04 5.667463410645723343e-04 3.898569848388433456e-04 6.184076773934066296e-04 3.802621504291892052e-04 1.161747877631569281e-05
8.700000000000000000e+03 1.061778515577316284e-03 6.421029102057218552e-04 4.684375890064984560e-04 6.634723395109176636e-04 3.742856788448989391e-04 1.141989287134492770e-05 8.149099303409457207e-04 5.539018893614411354e-04 4.038918705191463232e-04 6.634723395109176636e-04 3.742856788448989391e-04 1.141989287134492770e-05
8.800000000000000000e+03 1.174345379695296288e-03 6.622594664804637432e-04 4.295079270377755165e-04 6.436886615119874477e-04 4.038234765175729990e-04 1.230296766152605414e-05 8.161424193531274796e-04 5.469476454891264439e-04 3.715254715643823147e-04 6.436886615119874477e-04 4.038234765175729990e-04 1.230296766152605414e-05
8.900000000000000000e+03 1.166891306638717651e-03 6.404439918696880341e-04 4.663656000047922134e-04 5.968363839201629162e-04 3.785052394960075617e-04 1.016297483147354797e-05 7.481790380552411079e-04 5.213527474552392960e-04 4.114472249057143927e-04 5.968363839201629162e-04 3.785052394960075617e-04 1.016297483147354797e-05
9.000000000000000000e+03 2.600006526336073875e-03 6.642444059252738953e-04 5.839259247295558453e-04 7.609376334585249424e-04 3.570335102267563343e-04 1.218065426655812189e-05 1.968943979591131210e-03 5.787023110315203667e-04 5.502817220985889435e-04 7.609376334585249424e-04 3.570335102267563343e-04 1.218065426655812189e-05
9.100000000000000000e+03 4.648244474083185196e-03 7.644901634193956852e-04 7.900978089310228825e-04 7.103431853465735912e-04 4.135543713346123695e-04 1.472918484068941325e-05 3.858753014355897903e-03 6.187804974615573883e-04 7.586199790239334106e-04 7.103431853465735912e-04 4.135543713346123695e-04 1.472918484068941325e-05
9.200000000000000000e+03 1.219820813275873661e-03 6.186161772347986698e-04 3.868358326144516468e-04 5.411112215369939804e-04 3.184888628311455250e-04 7.815416211087722331e-06 8.670577662996947765e-04 5.182311870157718658e-04 3.335203218739479780e-04 5.411112215369939804e-04 3.184888628311455250e-04 7.815416211087722331e-06
9.300000000000000000e+03 8.954031509347259998e-04 5.690153338946402073e-04 3.774294164031744003e-04 4.718379641417413950e-04 2.877174410969018936e-04 6.619615760428132489e-06 5.967445904389023781e-04 4.796290595550090075e-04 3.206688852515071630e-04 4.718379641417413950e-04 2.877174410969018936e-04 6.619615760428132489e-06
9.400000000000000000e+03 1.293299952521920204e-03 5.869136075489223003e-04 4.267732438165694475e-04 4.903885419480502605e-04 3.119723405689001083e-04 8.447566870017908514e-06 8.981394348666071892e-04 4.838627355638891459e-04 3.811556671280413866e-04 4.903885419480502605e-04 3.119723405689001083e-04 8.447566870017908514e-06
9.500000000000000000e+03 7.054484449326992035e-04 5.263907951302826405e-04 3.325231955386698246e-04 5.030225147493183613e-04 2.699924516491591930e-04 6.212560037965886295e-06 4.970725858584046364e-04 4.527366836555302143e-04 2.762764634098857641e-04 5.030225147493183613e-04 2.699924516491591930e-04 6.212560037965886295e-06
9.600000000000000000e+03 4.959106910973787308e-03 7.014480070210993290e-04 1.057554734870791435e-03 7.348555373027920723e-04 2.862039254978299141e-04 1.695431274129077792e-05 3.877809271216392517e-03 6.045755580998957157e-04 1.057038200087845325e-03 7.348555373027920723e-04 2.862039254978299141e-04 1.695431274129077792e-05
9.700000000000000000e+03 8.680812316015362740e-04 5.244984058663249016e-04 3.258331271354109049e-04 4.719328135251998901e-04 2.746287500485777855e-04 5.654039341607131064e-06 5.923775606788694859e-04 4.302059824112802744e-04 2.755361201707273722e-04 4.719328135251998901e-04 2.746287500485777855e-04 5.654039341607131064e-06
9.800000000000000000e+03 7.664218428544700146e-04 5.096429376862943172e-04 3.301309188827872276e-04 3.971123951487243176e-04 2.474968787282705307e-04 5.088043508294504136e-06 4.929744754917919636e-04 4.207094898447394371e-04 2.772374136839061975e-04 3.971123951487243176e-04 2.474968787282705307e-04 5.088043508294504136e-06
9.900000000000000000e+03 2.655975054949522018e-03 6.301871035248041153e-04 3.434876271057873964e-04 6.961902836337685585e-04 3.214463358744978905e-04 6.584771199413808063e-06 2.230330137535929680e-03 5.002923426218330860e-04 3.003554011229425669e-04 6.961902836337685585e-04 3.214463358744978905e-04 6.584771199413808063e-06
1.000000000000000000e+04 3.731115255504846573e-03 5.806444096378982067e-04 7.944100070744752884e-04 7.051657885313034058e-04 2.429297892376780510e-04 2.277073872392065823e-05 3.483435837551951408e-03 5.218162550590932369e-04 7.334225811064243317e-04 7.051657885313034058e-04 2.429297892376780510e-04 2.277073872392065823e-05
1.010000000000000000e+04 9.585153311491012573e-04 4.880875640083104372e-04 3.167910035699605942e-04 3.914086846634745598e-04 2.031355979852378368e-04 5.286264695314457640e-06 8.103201398625969887e-04 4.280711582396179438e-04 2.599402796477079391e-04 3.914086846634745598e-04 2.031355979852378368e-04 5.286264695314457640e-06
1.020000000000000000e+04 6.557613378390669823e-04 4.600485553964972496e-04 2.774395979940891266e-04 3.643014351837337017e-04 2.080414851661771536e-04 4.188772436464205384e-06 4.680150013882666826e-04 3.905718331225216389e-04 2.270579570904374123e-04 3.643014351837337017e-04 2.080414851661771536e-04 4.188772436464205384e-06
1.030000000000000000e+04 8.455773815512657166e-03 8.507921593263745308e-04 1.071673235855996609e-03 1.105710165575146675e-03 2.024379937211051583e-04 1.109319055103696883e-05 7.005636114627122879e-03 7.606513099744915962e-04 1.085092313587665558e-03 1.105710165575146675e-03 2.024379937211051583e-04 1.109319055103696883e-05
1.040000000000000000e+04 6.233624881133437157e-04 4.434878937900066376e-04 2.611724194139242172e-04 3.400369314476847649e-04 1.892307773232460022e-04 3.760211484404862858e-06 4.537042404990643263e-04 3.778213285841047764e-04 2.113726222887635231e-04 3.400369314476847649e-04 1.892307773232460022e-04 3.760211484404862858e-06
1.050000000000000000e+04 7.385011762380599976e-03 1.040205010212957859e-03 5.930340848863124847e-04 4.430260451044887304e-04 3.190959105268120766e-04 1.609522587386891246e-05 7.012399379163980484e-03 9.480015141889452934e-04 5.276514566503465176e-04 4.430260451044887304e-04 3.190959105268120766e-04 1.609522587386891246e-05
1.060000000000000000e+04 5.368930869735777378e-04 4.270526696927845478e-04 2.467393933329731226e-04 3.223466919735074043e-04 1.819853059714660048e-04 3.400764398975297809e-06 3.821418504230678082e-04 3.590536362025886774e-04 1.985553972190245986e-04 3.223466919735074043e-04 1.819853059714660048e-04 3.400764398975297809e-06
1.070000000000000000e+04 7.955507608130574226e-04 4.315950209274888039e-04 2.515800006221979856e-04 3.314845962449908257e-04 1.916633191285654902e-04 4.312819328333716840e-06 5.794769967906177044e-04 3.625118697527796030e-04 2.117713884217664599e-04 3.314845962449908257e-04 1.916633191285654902e-04 4.312819328333716840e-06
1.080000000000000000e+04 6.074184784665703773e-04 4.094835021533071995e-04 2.454145287629216909e-04 3.188189002685248852e-04 1.730963413137942553e-04 4.219128641125280410e-06 4.801360482815653086e-04 3.473313408903777599e-04 1.982180692721158266e-04 3.188189002685248852e-04 1.730963413137942553e-04 4.219128641125280410e-06
1.090000000000000000e+04 2.027845010161399841e-03 5.233805277384817600e-04 3.779162361752241850e-04 3.440184227656573057e-04 2.643365005496889353e-04 9.294850315200164914e-06 1.647601253353059292e-03 4.114777839276939631e-04 3.472080570645630360e-04 3.440184227656573057e-04 2.643365005496889353e-04 9.294850315200164914e-06
1.100000000000000000e+04 6.203160737641155720e-04 4.028131661470979452e-04 2.281425986438989639e-04 2.956815878860652447e-04 1.651825441513210535e-04 3.727231387529172935e-06 4.808735975529998541e-04 3.378673864062875509e-04 1.820902834879234433e-04 2.956815878860652447e-04 1.651825441513210535e-04 3.727231387529172935e-06
1.110000000000000000e+04 1.115864492021501064e-03 4.321603919379413128e-04 2.382856328040361404e-04 3.702932735905051231e-04 1.703833549981936812e-04 3.542424110491992906e-06 9.737258660607039928e-04 3.615196037571877241e-04 1.970398152479901910e-04 3.702932735905051231e-04 1.703833549981936812e-04 3.542424110491992906e-06
1.120000000000000000e+04 3.682193113490939140e-03 5.290082190185785294e-04 4.354550328571349382e-04 6.587161915376782417e-04 1.710474898573011160e-04 4.067039299116004258e-06 3.033868968486785889e-03 4.823343188036233187e-04 4.237320972606539726e-04 6.587161915376782417e-04 1.710474898573011160e-04 4.067039299116004258e-06
1.130000000000000000e+04 5.811871495097875595e-03 5.570928915403783321e-04 9.956569410860538483e-04 5.211832467466592789e-04 2.694764116313308477e-04 2.591589145595207810e-05 4.932255018502473831e-03 4.368908703327178955e-04 9.981674375012516975e-04 5.211832467466592789e-04 2.694764116313308477e-04 2.591589145595207810e-05
1.140000000000000000e+04 5.444754497148096561e-04 3.717754152603447437e-04 2.079071127809584141e-04 2.777989720925688744e-04 1.661655696807429194e-04 3.511780960252508521e-06 3.985531802754849195e-04 3.050838422495871782e-04 1.690315984888002276e-04 2.777989720925688744e-04 1.661655696807429194e-04 3.511780960252508521e-06
1.150000000000000000e+04 2.220674417912960052e-03 4.158733063377439976e-04 5.533365765586495399e-04 3.999668406322598457e-04 1.493461168138310313e-04 1.124696245824452490e-05 2.060697646811604500e-03 3.619205963332206011e-04 5.115651874803006649e-04 3.999668406322598457e-04 1.493461168138310313e-04 1.124696245824452490e-05
1.160000000000000000e+04 1.590613741427659988e-03 4.611619806382805109e-04 2.553956583142280579e-04 2.702034544199705124e-04 1.950468285940587521e-04 6.294522790994960815e-06 1.329678343608975410e-03 3.782364656217396259e-04 2.256701263831928372e-04 2.702034544199705124e-04 1.950468285940587521e-04 6.294522790994960815e-06
1.170000000000000000e+04 6.174290901981294155e-04 3.518347511999309063e-04 1.942219096235930920e-04 2.510203630663454533e-04 1.343570038443431258e-04 3.017897597601404414e-06 4.814380954485386610e-04 3.033755638170987368e-04 1.570805034134536982e-04 2.510203630663454533e-04 1.343570038443431258e-04 3.017897597601404414e-06
1.180000000000000000e+04 1.565636135637760162e-03 3.814899246208369732e-04 3.082969924435019493e-04 3.457937273196876049e-04 1.454306766390800476e-04 8.006023563211783767e-06 1.463618129491806030e-03 3.474750556051731110e-04 2.601367013994604349e-04 3.457937273196876049e-04 1.454306766390800476e-04 8.006023563211783767e-06
1.190000000000000000e+04 4.551174934022128582e-04 3.343403805047273636e-04 1.886425889097154140e-04 2.360401995247229934e-04 1.253035879926756024e-04 2.929851689259521663e-06 3.472816315479576588e-04 2.840310626197606325e-04 1.478491321904584765e-04 2.360401995247229934e-04 1.253035879926756024e-04 2.929851689259521663e-06
1.200000000000000000e+04 4.458091570995748043e-04 3.269537992309778929e-04 1.840371987782418728e-04 2.459941606502979994e-04 1.388355885865166783e-04 3.149111535094561987e-06 3.206099208910018206e-04 2.694003633223474026e-04 1.494468597229570150e-04 2.459941606502979994e-04 1.388355885865166783e-04 3.149111535094561987e-06
1.210000000000000000e+04 7.433779537677764893e-03 6.958084995858371258e-04 4.150042950641363859e-04 1.380481873638927937e-03 2.078352554235607386e-04 4.852806796407094225e-06 6.635743193328380585e-03 5.658513400703668594e-04 3.922878531739115715e-04 1.380481873638927937e-03 2.078352554235607386e-04 4.852806796407094225e-06
1.220000000000000000e+04 4.270688805263489485e-04 3.168754628859460354e-04 1.732893870212137699e-04 2.340736682526767254e-04 1.295860129175707698e-04 2.830069661285961047e-06 3.136330051347613335e-04 2.677827142179012299e-04 1.386127987643703818e-04 2.340736682526767254e-04 1.295860129175707698e-04 2.830069661285961047e-06
1.230000000000000000e+04 4.121722595300525427e-04 3.117563319392502308e-04 1.757735299179330468e-04 2.339059865335002542e-04 1.226973254233598709e-04 3.273429229011526331e-06 3.171062853652983904e-04 2.593169920146465302e-04 1.403373171342536807e-04 2.339059865335002542e-04 1.226973254233598709e-04 3.273429229011526331e-06
1.240000000000000000e+04 8.239503367803990841e-04 3.449173527769744396e-04 1.767630892572924495e-04 2.323561930097639561e-04 1.251041685463860631e-04 3.499563717923592776e-06 7.188936579041182995e-04 2.959638950414955616e-04 1.445431553293019533e-04 2.323561930097639561e-04 1.251041685463860631e-04 3.499563717923592776e-06
1.250000000000000000e+04 4.844644863624125719e-04 3.045530174858868122e-04 1.896070316433906555e-04 2.339589409530162811e-04 1.143044864875264466e-04 3.753651299120974727e-06 4.043404187541455030e-04 2.571933437138795853e-04 1.543301332276314497e-04 2.339589409530162811e-04 1.143044864875264466e-04 3.753651299120974727e-06
1.260000000000000000e+04 3.672858467325568199e-03 5.352788139134645462e-04 2.898340171668678522e-04 3.978894965257495642e-04 1.722619635984301567e-04 8.633498509880155325e-06 3.438325133174657822e-03 4.576111095957458019e-04 2.520317793823778629e-04 3.978894965257495642e-04 1.722619635984301567e-04 8.633498509880155325e-06
1.270000000000000000e+04 1.001931377686560154e-03 3.200632054358720779e-04 2.596067206468433142e-04 2.318513725185766816e-04 1.145163478213362396e-04 6.585189112229272723e-06 9.285005507990717888e-04 2.808534190990030766e-04 2.196230634581297636e-04 2.318513725185766816e-04 1.145163478213362396e-04 6.585189112229272723e-06
1.280000000000000000e+04 1.156165171414613724e-02 8.373500895686447620e-04 1.493233605287969112e-03 8.820552611723542213e-04 1.963400427484884858e-04 2.603997927508316934e-05 1.053375471383333206e-02 7.222728454507887363e-04 1.478589372709393501e-03 8.820552611723542213e-04 1.963400427484884858e-04 2.603997927508316934e-05
1.290000000000000000e+04 4.168408457189798355e-03 5.244854255579411983e-04 3.888712963089346886e-04 4.338148282840847969e-04 1.964167167898267508e-04 1.425341179128736258e-05 3.898730734363198280e-03 4.896305617876350880e-04 3.363535506650805473e-04 4.338148282840847969e-04 1.964167167898267508e-04 1.425341179128736258e-05
1.300000000000000000e+04 3.520017780829221010e-04 2.734796144068241119e-04 1.572514447616413236e-04 1.944298710441216826e-04 1.117678184527903795e-04 3.199042566848220304e-06 2.575434627942740917e-04 2.300000924151390791e-04 1.261174329556524754e-04 1.944298710441216826e-04 1.117678184527903795e-04 3.199042566848220304e-06
1.310000000000000000e+04 3.565607476048171520e-04 2.737968752626329660e-04 1.517472846899181604e-04 1.973566540982574224e-04 1.110377197619527578e-04 3.337271891723503359e-06 2.599114668555557728e-04 2.264903450850397348e-04 1.220382328028790653e-04 1.973566540982574224e-04 1.110377197619527578e-04 3.337271891723503359e-06
1.320000000000000000e+04 1.213291659951210022e-03 3.315848589409142733e-04 1.670749043114483356e-04 2.526399330236017704e-04 1.247948093805462122e-04 5.021388460590969771e-06 1.029202714562416077e-03 2.840614179149270058e-04 1.424749061698094010e-04 2.526399330236017704e-04 1.247948093805462122e-04 5.021388460590969771e-06
1.330000000000000000e+04 4.624243010766804218e-04 2.738964685704559088e-04 1.495620381319895387e-04 1.871402200777083635e-04 1.054975728038698435e-04 3.564354301488492638e-06 3.614541783463209867e-04 2.324315573787316680e-04 1.200261976919136941e-04 1.871402200777083635e-04 1.054975728038698435e-04 3.564354301488492638e-06
1.340000000000000000e+04 1.168033573776483536e-02 1.058435766026377678e-03 2.436625654809176922e-04 1.511997077614068985e-03 3.694936167448759079e-04 8.841292583383619785e-06 1.069776061922311783e-02 8.919308893382549286e-04 2.260361652588471770e-04 1.511997077614068985e-03 3.694936167448759079e-04 8.841292583383619785e-06
1.350000000000000000e+04 6.204419769346714020e-04 2.704100334085524082e-04 1.638072717469185591e-04 1.843770733103156090e-04 1.088109056581743062e-04 4.254589839547406882e-06 4.849900433328002691e-04 2.265655348310247064e-04 1.406137307640165091e-04 1.843770733103156090e-04 1.088109056581743062e-04 4.254589839547406882e-06
1.360000000000000000e+04 3.374439547769725323e-04 2.511416678316891193e-04 1.434008881915360689e-04 1.771469978848472238e-04 1.019984701997600496e-04 3.405453071536612697e-06 2.550147182773798704e-04 2.113963273586705327e-04 1.149691015598364174e-04 1.771469978848472238e-04 1.019984701997600496e-04 3.405453071536612697e-06
1.370000000000000000e+04 1.473618485033512115e-02 1.095189712941646576e-03 1.481443294323980808e-03 1.535246381536126137e-03 1.557415962452068925e-04 2.185105586249846965e-05 1.266303192824125290e-02 9.516227873973548412e-04 1.556687755510210991e-03 1.535246381536126137e-03 1.557415962452068925e-04 2.185105586249846965e-05
1.380000000000000000e+04 4.595920036081224680e-04 2.567602205090224743e-04 1.407056552125141025e-04 1.725057954899966717e-04 9.701710223453119397e-05 3.536161557349259965e-06 3.770142502617090940e-04 2.174522232962772250e-04 1.126311981352046132e-04 1.725057954899966717e-04 9.701710223453119397e-05 3.536161557349259965e-06
1.390000000000000000e+04 1.126908813603222370e-03 2.870246244128793478e-04 1.730676449369639158e-04 1.990523887798190117e-04 9.560537728248164058e-05 3.934347205358790234e-06 9.437890839762985706e-04 2.557724656071513891e-04 1.516516058472916484e-04 1.990523887798190117e-04 9.560537728248164058e-05 3.934347205358790234e-06
1.400000000000000000e+04 3.265936684329062700e-04 2.368549758102744818e-04 1.389600220136344433e-04 1.688809134066104889e-04 9.793381468625739217e-05 3.495028522593202069e-06 2.363810926908627152e-04 1.971172605408355594e-04 1.140566746471449733e-04 1.688809134066104889e-04 9.793381468625739217e-05 3.495028522593202069e-06
1.410000000000000000e+04 9.868795052170753479e-03 1.219464698806405067e-03 1.723300520097836852e-04 3.173084114678204060e-04 3.420965513214468956e-04 1.427044026058865711e-05 9.307294152677059174e-03 1.020955154672265053e-03 1.440982887288555503e-04 3.173084114678204060e-04 3.420965513214468956e-04 1.427044026058865711e-05
1.420000000000000000e+04 1.172012882307171822e-03 2.628708025440573692e-04 1.745353365549817681e-04 2.488294558133929968e-04 1.064737225533463061e-04 5.491632691700942814e-06 1.089978613890707493e-03 2.387896820437163115e-04 1.431599521310999990e-04 2.488294558133929968e-04 1.064737225533463061e-04 5.491632691700942814e-06
1.430000000000000000e+04 4.143775440752506256e-03 3.818801487796008587e-04 7.882474455982446671e-04 6.214288878254592419e-04 1.126381539506837726e-04 1.713289566396269947e-05 3.736850107088685036e-03 3.256388008594512939e-04 7.829543901607394218e-04 6.214288878254592419e-04 1.126381539506837726e-04 1.713289566396269947e-05
1.440000000000000000e+04 3.179158957209438086e-04 2.248811069875955582e-04 1.329067163169384003e-04 1.572617911733686924e-04 9.346570732304826379e-05 3.577488541850470938e-06 2.292423741891980171e-04 1.873094879556447268e-04 1.090812220354564488e-04 1.572617911733686924e-04 9.346570732304826379e-05 3.577488541850470938e-06
1.450000000000000000e+04 1.003227429464459419e-03 2.802273374982178211e-04 1.321947929682210088e-04 1.591136242495849729e-04 9.852484799921512604e-05 4.147691015532473102e-06 8.836637716740369797e-04 2.392539900029078126e-04 1.098632346838712692e-04 1.591136242495849729e-04 9.852484799921512604e-05 4.147691015532473102e-06
1.460000000000000000e+04 6.450034561567008495e-04 2.263646310893818736e-04 1.989707816392183304e-04 2.101806312566623092e-04 8.955781231634318829e-05 7.744102731521707028e-06 5.917501403018832207e-04 2.006692520808428526e-04 1.694802194833755493e-04 2.101806312566623092e-04 8.955781231634318829e-05 7.744102731521707028e-06
1.470000000000000000e+04 7.344615180045366287e-03 9.703119867481291294e-04 2.547984477132558823e-04 3.481348685454577208e-04 3.561847552191466093e-04 1.159123257821192965e-05 6.827375385910272598e-03 8.078883984126150608e-04 2.459458773955702782e-04 3.481348685454577208e-04 3.561847552191466093e-04 1.159123257821192965e-05
1.480000000000000000e+04 4.345387860666960478e-04 2.195721463067457080e-04 1.401178597006946802e-04 1.843116624513641000e-04 9.343263809569180012e-05 4.155021997576113790e-06 3.648425627034157515e-04 1.808194356271997094e-04 1.155140125774778426e-04 1.843116624513641000e-04 9.343263809569180012e-05 4.155021997576113790e-06
1.490000000000000000e+04 3.984626673627644777e-04 2.182043826906010509e-04 1.307778875343501568e-04 1.650785707170143723e-04 1.005713638733141124e-04 4.145429556956514716e-06 3.058132133446633816e-04 1.780870225047692657e-04 1.101695233955979347e-04 1.650785707170143723e-04 1.005713638733141124e-04 4.145429556956514716e-06
1.500000000000000000e+04 5.501621053554117680e-04 2.163793687941506505e-04 1.611781190149486065e-04 1.943513634614646435e-04 9.734182822285220027e-05 5.190261163079412654e-06 4.791463434230536222e-04 1.787942892406135798e-04 1.362716429866850376e-04 1.943513634614646435e-04 9.734182822285220027e-05 5.190261163079412654e-06
